0.468746 3.930504 0 
7.335948 4.141216 0 
0.721739 2.957165 0 
2.605028 5.997478 0 
5.078187 2.203588 0 
5.064327 10.379241 0 
7.193034 14.144825 0 
6.143558 21.558470 0 
0.969715 22.166941 0 
1.227623 21.426199 0 
3.236987 22.967283 0 
5.361196 22.773771 0 
5.130090 17.339979 0 
5.303824 19.576184 0 
0.073216 21.744374 0 
1.003155 19.675125 0 
4.815657 27.243735 0 
4.354277 25.193407 0 
5.701738 26.031650 0 
0.494537 27.702777 0 
5.800748 33.253455 0 
3.215983 38.154344 0 
3.959423 35.771891 0 
1.005985 38.521662 0 
1.675718 36.021023 0 
2.284071 33.155609 0 
3.509733 31.999792 0 
1.874201 35.461638 0 
3.452636 44.393748 0 
5.923628 54.159523 0 
3.115485 50.799892 0 
4.425825 48.954723 0 
1.603555 48.587289 0 
15.232842 6.854104 0 
13.177482 3.065004 0 
13.321407 1.892557 0 
12.923991 2.196688 0 
13.875946 7.057214 0 
12.327663 5.480867 0 
11.725195 6.653835 0 
10.753733 10.422489 0 
12.737569 12.682684 0 
8.046143 10.349836 0 
14.976262 10.226633 0 
11.464026 12.839412 0 
11.855245 11.182795 0 
13.777234 8.602515 0 
9.641978 17.087136 0 
15.379906 19.104537 0 
13.251400 21.595510 0 
12.943712 20.497902 0 
10.343559 18.054662 0 
7.954611 17.877936 0 
12.249686 16.210256 0 
8.083412 16.941162 0 
9.864993 21.225987 0 
8.497699 26.109469 0 
14.958935 29.483134 0 
11.151480 28.925046 0 
8.421838 28.009350 0 
12.262724 26.340551 0 
14.287824 26.471835 0 
11.140809 34.499600 0 
9.507609 46.447245 0 
11.674764 46.711244 0 
8.110984 40.230198 0 
12.205569 39.022763 0 
8.183315 40.935804 0 
14.603794 41.701063 0 
14.508193 40.820042 0 
10.438412 44.895951 0 
15.397438 40.762236 0 
11.297857 49.826889 0 
9.823668 53.356844 0 
10.497197 48.463477 0 
14.843049 54.094828 0 
7.899067 54.364443 0 
8.831338 49.727017 0 
23.281930 1.719513 0 
16.552268 1.124247 0 
21.535468 4.954371 0 
20.119021 6.258842 0 
20.445021 5.223217 0 
19.421253 3.678503 0 
22.966929 9.568633 0 
20.213551 13.133981 0 
18.101014 22.868583 0 
21.441565 21.031819 0 
23.385517 16.343022 0 
17.703920 17.517803 0 
22.890329 23.542614 0 
19.342317 29.411942 0 
22.483716 28.749228 0 
21.678519 30.167803 0 
20.127975 38.483577 0 
20.483617 38.533414 0 
16.466948 35.813412 0 
17.266815 31.206307 0 
15.883684 38.243450 0 
19.067450 36.526565 0 
18.147331 31.776038 0 
17.840895 38.971796 0 
19.472326 33.652764 0 
17.017301 37.511915 0 
19.199315 42.474530 0 
20.179703 43.193447 0 
19.325245 42.602821 0 
19.909138 45.506056 0 
16.967469 46.770144 0 
20.180510 46.583505 0 
16.807452 44.818249 0 
17.159664 51.765152 0 
15.883368 53.752089 0 
17.071112 48.777442 0 
20.104869 49.033603 0 
20.500524 47.778270 0 
18.445243 50.922875 0 
29.801978 7.691693 0 
25.738249 5.380292 0 
29.543896 7.567067 0 
26.808698 0.748534 0 
27.694210 7.005119 0 
23.855856 10.292664 0 
24.361882 14.006416 0 
28.319661 10.153298 0 
26.286814 12.538201 0 
27.003383 16.149963 0 
25.682223 17.677231 0 
29.892868 16.932824 0 
27.850102 19.970398 0 
24.976306 30.868461 0 
27.240477 25.979074 0 
29.089066 30.429478 0 
30.848972 23.402852 0 
29.346473 27.169584 0 
24.024531 24.550303 0 
30.718321 25.856938 0 
31.000896 24.736729 0 
28.135461 28.024674 0 
28.529342 31.757794 0 
26.121909 31.322269 0 
23.818809 38.794696 0 
23.767911 36.931414 0 
23.835691 37.068608 0 
23.659846 46.753776 0 
24.317328 41.704933 0 
25.438166 41.279957 0 
30.368192 40.460530 0 
30.982077 44.796557 0 
29.000546 50.181240 0 
24.873379 49.513006 0 
26.784715 47.232031 0 
23.755626 53.191643 0 
28.512693 47.627115 0 
29.492129 46.847378 0 
30.130623 48.945330 0 
29.525752 54.153616 0 
36.459223 7.498025 0 
34.208135 6.418671 0 
37.884181 0.081896 0 
36.463634 1.104611 0 
35.943156 3.765917 0 
34.627522 4.528824 0 
33.485314 10.608348 0 
34.623162 14.328424 0 
34.306468 8.122419 0 
32.270983 11.105879 0 
38.631541 8.389976 0 
33.647756 16.960386 0 
38.578665 21.215906 0 
37.865127 17.409652 0 
32.553543 17.215672 0 
35.379892 17.285830 0 
33.500136 23.218030 0 
38.242403 18.578422 0 
31.834822 20.555253 0 
37.342304 15.963200 0 
33.010133 30.200707 0 
38.023755 25.748381 0 
34.789112 25.240841 0 
31.223896 29.886310 0 
34.826542 26.814470 0 
37.627761 27.355281 0 
32.646702 34.242635 0 
32.381689 37.649122 0 
38.273084 38.641650 0 
38.943449 38.171968 0 
37.759849 46.645243 0 
36.529616 41.439001 0 
32.540011 43.459663 0 
33.052900 43.770973 0 
34.587424 46.031997 0 
31.395485 42.089111 0 
33.295443 44.403580 0 
32.794989 51.258182 0 
31.690252 49.266536 0 
36.054610 53.114084 0 
36.566553 49.650881 0 
33.514924 52.250561 0 
43.940722 0.317447 0 
46.523717 2.569011 0 
40.566214 5.532927 0 
43.665786 6.710425 0 
39.652887 3.907009 0 
43.246435 7.759125 0 
45.599963 3.343393 0 
41.085293 12.551557 0 
42.689025 15.342078 0 
40.254594 13.831902 0 
40.239403 12.268344 0 
41.093067 11.311743 0 
44.905537 10.039045 0 
44.868615 17.931072 0 
39.735994 21.166711 0 
39.832929 18.411792 0 
44.732170 21.203984 0 
41.765818 23.363525 0 
43.528942 16.252861 0 
42.652006 29.056330 0 
39.731664 30.513954 0 
39.674033 33.537307 0 
43.055617 35.894646 0 
43.310522 32.748330 0 
44.344162 36.322708 0 
44.447185 39.956943 0 
42.585507 40.959209 0 
40.229742 46.313339 0 
42.289929 44.110624 0 
43.649224 44.872705 0 
41.514186 45.324697 0 
45.479685 39.377728 0 
42.234731 50.333965 0 
44.658815 49.879118 0 
40.084543 54.300443 0 
43.933947 46.863791 0 
40.925301 49.907822 0 
45.551784 50.604624 0 
45.526032 51.621467 0 
47.346078 0.336469 0 
47.912966 1.291354 0 
51.902968 3.986626 0 
48.502893 6.764691 0 
47.729229 5.976834 0 
47.852617 14.890990 0 
47.306381 11.312626 0 
52.045071 13.639359 0 
50.561214 9.244976 0 
50.664260 8.462392 0 
49.245173 9.414828 0 
49.323308 12.159542 0 
51.961263 16.876536 0 
54.125863 19.017362 0 
47.113914 18.140207 0 
47.501472 23.424351 0 
53.120493 28.480542 0 
49.916560 25.873359 0 
51.911452 25.474284 0 
51.221379 26.991496 0 
51.660655 33.330093 0 
53.054457 37.618708 0 
51.177080 36.570727 0 
46.993472 35.910439 0 
52.989615 34.218211 0 
47.311176 39.719586 0 
54.589028 40.879634 0 
51.956142 46.040043 0 
48.587544 40.695314 0 
50.540277 50.294303 0 
53.891980 51.618841 0 
48.311503 51.434862 0 
