3.254683 2.634211 0 
0.387305 7.020420 0 
7.041186 2.880125 0 
7.369340 0.867381 0 
3.828740 6.085966 0 
3.816171 3.039963 0 
1.885192 15.147995 0 
3.150515 15.257849 0 
0.752345 12.286627 0 
1.029392 8.266280 0 
1.831283 20.652419 0 
2.754637 19.117205 0 
6.405314 19.866669 0 
0.120147 17.911302 0 
0.335586 21.408604 0 
1.318122 17.073849 0 
5.063101 20.956848 0 
5.707435 17.031387 0 
2.874180 24.032781 0 
4.879825 30.649211 0 
6.085774 29.450559 0 
3.796975 37.399685 0 
3.399697 36.225681 0 
3.484913 34.153153 0 
2.389526 37.530328 0 
3.966368 35.356040 0 
3.984018 33.935671 0 
6.377496 38.524212 0 
14.632354 2.349721 0 
12.091219 3.673202 0 
12.655306 1.797808 0 
12.378949 6.585609 0 
9.420390 1.519161 0 
9.562190 10.226598 0 
9.131523 15.002361 0 
9.575782 11.155618 0 
11.198450 9.241567 0 
14.858072 20.302176 0 
15.442037 21.147483 0 
11.223186 17.329625 0 
8.666730 16.515858 0 
9.812905 17.914072 0 
10.988015 18.086471 0 
12.440189 18.908501 0 
9.845252 19.561295 0 
8.467023 23.627918 0 
9.847361 30.645062 0 
14.047914 29.096581 0 
11.611150 33.050812 0 
12.312495 34.779021 0 
23.112091 3.813402 0 
19.865085 4.867669 0 
19.664859 5.297257 0 
17.406436 3.085019 0 
18.466006 14.010234 0 
23.306260 8.569956 0 
15.894363 9.842595 0 
22.504310 10.415783 0 
22.723637 13.101878 0 
16.665114 21.676603 0 
21.225574 21.177289 0 
16.432743 22.649020 0 
20.699307 22.549196 0 
19.454557 18.206472 0 
21.050217 30.456833 0 
17.142917 28.156960 0 
15.838219 28.217798 0 
21.403779 30.103650 0 
19.500175 29.682818 0 
19.343393 27.898428 0 
17.026795 36.759017 0 
17.471470 35.103679 0 
22.514793 34.874489 0 
15.823658 31.665027 0 
19.421231 36.519381 0 
16.909832 31.530963 0 
23.233709 31.757275 0 
27.468869 5.144921 0 
24.154494 4.045041 0 
29.781559 7.589202 0 
29.776867 5.062134 0 
29.035029 6.242578 0 
24.568950 3.539622 0 
26.772654 9.152431 0 
29.837448 10.849315 0 
24.051065 14.284762 0 
24.438734 14.066242 0 
23.871675 20.498192 0 
26.514211 17.877476 0 
27.509631 18.966879 0 
26.651036 15.720800 0 
28.523507 23.275697 0 
24.703914 30.822718 0 
24.228487 30.578590 0 
26.304796 23.810881 0 
24.945324 29.155293 0 
27.219564 25.499132 0 
26.048049 26.698118 0 
27.673393 33.551349 0 
30.753348 36.668570 0 
26.658404 36.397443 0 
31.067809 35.405186 0 
36.645223 0.998512 0 
36.398918 7.792827 0 
32.589433 1.334744 0 
31.454286 11.393662 0 
35.577358 15.456776 0 
38.078559 9.019959 0 
36.419567 14.473078 0 
32.685379 12.829163 0 
34.077549 10.734923 0 
32.689205 20.198158 0 
34.540373 17.364264 0 
34.959772 18.600029 0 
32.140771 20.147294 0 
33.164088 26.082241 0 
33.465437 27.955741 0 
36.013309 24.240598 0 
33.269191 30.469204 0 
37.630135 30.261299 0 
38.864775 29.778532 0 
36.895941 25.433678 0 
35.835979 33.639207 0 
31.375598 32.459581 0 
34.517023 32.594376 0 
