2.643854 0.426010 0 
1.639136 3.910007 0 
3.979190 3.367425 0 
7.069642 7.780971 0 
4.905607 6.330500 0 
0.791964 3.788083 0 
3.048667 6.976692 0 
1.072863 14.956452 0 
3.042038 13.365877 0 
7.233379 12.623032 0 
2.677646 18.706601 0 
7.301013 21.448613 0 
0.973238 22.114720 0 
5.698566 18.115191 0 
5.042524 19.907641 0 
6.498585 23.237207 0 
4.284607 26.628426 0 
2.577304 27.240292 0 
4.831878 28.818997 0 
2.812965 30.987324 0 
5.900774 25.956489 0 
14.334865 5.151416 0 
13.564763 0.370926 0 
15.242561 2.720522 0 
8.048997 3.520457 0 
10.583578 1.879059 0 
12.968700 5.577351 0 
9.995712 6.678222 0 
9.596988 2.195760 0 
13.346803 5.702196 0 
12.671669 1.074551 0 
12.406747 6.526438 0 
8.881093 14.640980 0 
12.388033 10.554506 0 
10.656023 11.305660 0 
14.092724 15.315536 0 
11.729490 8.129923 0 
11.618836 15.389075 0 
9.275813 18.415972 0 
13.003538 20.438172 0 
12.374229 21.926977 0 
13.065877 15.750208 0 
8.454213 31.003453 0 
20.680526 2.093823 0 
17.403655 2.011200 0 
18.747231 2.586989 0 
16.551760 1.187425 0 
18.314460 8.169731 0 
16.548936 10.470513 0 
22.496394 13.540536 0 
16.335371 13.998521 0 
22.854317 12.050266 0 
18.712356 13.152543 0 
22.570335 22.446833 0 
16.027376 20.142977 0 
17.968559 16.151338 0 
15.960294 22.797408 0 
17.124719 21.842902 0 
21.217293 17.830385 0 
21.229676 19.840573 0 
23.281255 27.070873 0 
21.182289 27.773565 0 
22.143963 25.498914 0 
18.979432 29.242344 0 
27.330325 6.086307 0 
28.445115 5.214395 0 
25.800416 1.041330 0 
24.482052 0.168136 0 
27.109469 4.366758 0 
26.227182 2.346388 0 
29.547285 7.327396 0 
31.051048 14.695331 0 
25.635639 15.161106 0 
29.646398 12.083433 0 
30.389669 13.481417 0 
28.060707 12.298715 0 
23.601688 22.909650 0 
26.882942 22.070356 0 
28.441155 22.222867 0 
27.465383 18.505767 0 
26.304039 20.226840 0 
30.205910 28.614021 0 
30.681313 25.012856 0 
