1.206045 3.657946 0 
6.443272 4.157097 0 
4.235169 4.407309 0 
4.662364 6.295537 0 
3.752789 1.254948 0 
6.441540 4.287075 0 
4.260436 10.880129 0 
3.531967 7.274617 0 
5.404935 12.263275 0 
5.367912 7.559854 0 
3.595402 7.564875 0 
1.496863 15.406195 0 
5.625169 16.475812 0 
0.878144 17.505203 0 
2.918112 16.176149 0 
2.534499 14.782667 0 
3.111124 14.150410 0 
0.370779 15.910528 0 
2.507708 14.143360 0 
6.148165 17.711534 0 
2.177255 22.606607 0 
1.776953 24.268587 0 
6.289760 21.330649 0 
4.762604 20.494755 0 
1.533715 21.027161 0 
3.176438 21.593407 0 
2.657488 21.933862 0 
3.503213 25.810619 0 
1.100917 24.662664 0 
6.073100 27.537922 0 
0.226349 27.616471 0 
5.998575 27.207569 0 
2.085780 31.673016 0 
3.243193 28.247456 0 
9.841639 4.942239 0 
8.000094 1.699332 0 
7.687597 4.861387 0 
10.520968 1.636621 0 
7.082333 4.499705 0 
8.660067 2.121119 0 
6.585125 4.668161 0 
9.863924 6.004305 0 
7.053887 1.490532 0 
10.316289 5.986453 0 
11.266709 12.680145 0 
8.887938 12.954780 0 
12.006349 10.321594 0 
7.013646 12.228927 0 
7.699359 11.907567 0 
9.600463 9.107315 0 
12.790046 16.881751 0 
12.531758 19.387598 0 
8.849030 13.415454 0 
9.571734 14.997091 0 
7.006769 16.313693 0 
9.127301 13.375529 0 
7.168684 15.414291 0 
8.598248 19.324454 0 
7.378432 25.334145 0 
6.690760 21.383113 0 
11.554659 21.108207 0 
11.487939 24.506333 0 
9.750723 22.874238 0 
11.720494 23.839522 0 
11.772876 32.391638 0 
10.796487 27.931826 0 
8.571426 28.129559 0 
7.748161 29.539646 0 
12.686579 30.409862 0 
8.466742 26.750626 0 
16.506588 3.551925 0 
13.110831 5.920442 0 
16.340019 2.673655 0 
13.882563 1.707191 0 
15.436567 11.565677 0 
15.169851 8.710836 0 
17.182086 8.899473 0 
13.510644 10.949693 0 
18.025530 14.560802 0 
17.736443 13.010584 0 
14.246815 14.438183 0 
17.712591 16.033001 0 
14.721162 13.693164 0 
17.201093 15.021245 0 
18.211932 18.755368 0 
14.411909 16.440952 0 
15.281545 18.278527 0 
19.242974 14.910873 0 
15.985099 17.633229 0 
18.574614 22.255695 0 
17.406332 21.072864 0 
17.262151 22.132148 0 
13.693553 19.872298 0 
15.790710 22.056568 0 
14.036559 30.937724 0 
14.346375 30.359895 0 
17.777271 31.127219 0 
18.274943 32.251501 0 
16.136234 26.596756 0 
16.485650 28.012603 0 
16.329934 27.957910 0 
16.075911 29.313856 0 
19.226411 27.774704 0 
13.884027 26.631126 0 
19.764982 3.480505 0 
21.244197 5.950410 0 
19.808485 1.615410 0 
22.439281 4.802012 0 
20.386684 0.275597 0 
21.006116 1.489622 0 
23.804382 4.379373 0 
24.701556 9.350805 0 
25.729999 7.821593 0 
24.731471 9.450939 0 
24.180329 7.086413 0 
24.649092 15.411244 0 
21.760375 18.565494 0 
23.030649 16.681991 0 
24.128001 13.261741 0 
22.362046 24.212407 0 
20.502190 19.553181 0 
23.606499 21.912541 0 
21.553061 22.341319 0 
19.976736 31.621191 0 
24.000005 32.044666 0 
22.025711 27.233527 0 
20.957699 29.671280 0 
20.026242 31.693876 0 
25.965290 27.834068 0 
23.911849 27.806017 0 
21.232743 26.954573 0 
19.978504 29.421750 0 
21.119604 31.804428 0 
21.523314 30.981103 0 
26.207018 5.605446 0 
28.723273 4.915996 0 
28.140344 4.129653 0 
26.155737 2.576331 0 
29.761515 6.647485 0 
30.766650 10.253538 0 
30.961249 11.974002 0 
32.418953 8.793299 0 
31.831708 8.066197 0 
29.641367 19.463904 0 
28.593435 15.940065 0 
32.289457 14.134531 0 
26.427087 13.294296 0 
30.955029 25.590358 0 
29.914271 21.050291 0 
29.607211 24.788124 0 
26.128497 22.469657 0 
27.611517 28.235726 0 
28.509435 29.096624 0 
30.801610 26.455159 0 
31.498323 29.119094 0 
